Edge	10	27	56	0	0	1	181	-1
	Sequence	+edge_6_0_+disjointig_2_446300_449584 3284 2 3333392 446300 449584
	Sequence	+edge_6_1_+disjointig_2_1319810_1322993 3183 2 3333392 1319810 1322993
	Sequence	+edge_6_2_+disjointig_2_1363232_1366415 3183 2 3333392 1363232 1366415
	Sequence	+edge_6_3_+disjointig_2_1518195_1521297 3102 2 3333392 1518195 1521297
	Sequence	+edge_6_4_+disjointig_2_1614197_1617380 3183 2 3333392 1614197 1617380
	Sequence	+edge_6_5_-disjointig_3_1227264_1230447 3183 -3 1679237 1227264 1230447
Edge	11	45	52	0	0	1	181	-1
	Sequence	-edge_6_0_+disjointig_2_446300_449584 3284 -2 3333392 2883807 2887091
	Sequence	-edge_6_1_+disjointig_2_1319810_1322993 3183 -2 3333392 2010398 2013581
	Sequence	-edge_6_2_+disjointig_2_1363232_1366415 3183 -2 3333392 1966976 1970159
	Sequence	-edge_6_3_+disjointig_2_1518195_1521297 3102 -2 3333392 1812094 1815196
	Sequence	-edge_6_4_+disjointig_2_1614197_1617380 3183 -2 3333392 1716011 1719194
	Sequence	-edge_6_5_-disjointig_3_1227264_1230447 3183 3 1679237 448789 451972
Edge	12	33	26	0	0	0	156	-1
	Sequence	+edge_7_0_-disjointig_2_1719194_1809842 90648 -2 3333392 1719194 1809842
Edge	13	10	30	0	0	0	156	-1
	Sequence	-edge_7_0_-disjointig_2_1719194_1809842 90648 2 3333392 1523549 1614197
Edge	14	20	34	0	0	0	151	-1
	Sequence	+edge_8_0_-disjointig_2_1815196_1964724 149528 -2 3333392 1815196 1964724
Edge	15	28	25	0	0	0	151	-1
	Sequence	-edge_8_0_-disjointig_2_1815196_1964724 149528 2 3333392 1368667 1518195
Edge	16	22	1	0	0	0	136	-1
	Sequence	+edge_9_0_+disjointig_3_451972_497094 45122 3 1679237 451972 497094
Edge	17	13	42	0	0	0	136	-1
	Sequence	-edge_9_0_+disjointig_3_451972_497094 45122 -3 1679237 1182142 1227264
Edge	18	5	15	0	0	0	147	-1
	Sequence	+edge_10_0_-disjointig_2_2013581_2090368 76787 -2 3333392 2013581 2090368
Edge	19	16	31	0	0	0	147	-1
	Sequence	-edge_10_0_-disjointig_2_2013581_2090368 76787 2 3333392 1243023 1319810
Edge	20	39	6	0	0	0	151	-1
	Sequence	+edge_11_0_-disjointig_2_1970159_2008301 38142 -2 3333392 1970159 2008301
Edge	21	4	40	0	0	0	151	-1
	Sequence	-edge_11_0_-disjointig_2_1970159_2008301 38142 2 3333392 1325090 1363232
Edge	22	56	51	0	0	1	135	-1
	Sequence	+edge_12_0_+disjointig_2_449584_451632 2048 2 3333392 449584 451632
	Sequence	+edge_12_1_+disjointig_2_1366415_1368667 2252 2 3333392 1366415 1368667
	Sequence	+edge_12_2_+disjointig_2_1521297_1523549 2252 2 3333392 1521297 1523549
Edge	23	54	45	0	0	1	135	-1
	Sequence	-edge_12_0_+disjointig_2_449584_451632 2048 -2 3333392 2881759 2883807
	Sequence	-edge_12_1_+disjointig_2_1366415_1368667 2252 -2 3333392 1964724 1966976
	Sequence	-edge_12_2_+disjointig_2_1521297_1523549 2252 -2 3333392 1809842 1812094
Edge	26	51	8	0	0	0	130	-1
	Sequence	+edge_14_0_+disjointig_2_451632_673942 222310 2 3333392 451632 673942
Edge	27	9	54	0	0	0	130	-1
	Sequence	-edge_14_0_+disjointig_2_451632_673942 222310 -2 3333392 2659449 2881759
Edge	30	7	17	0	0	0	147	-1
	Sequence	+edge_16_0_+disjointig_2_677078_1238075 560997 2 3333392 677078 1238075
Edge	31	14	50	0	0	0	147	-1
	Sequence	-edge_16_0_+disjointig_2_677078_1238075 560997 -2 3333392 2095316 2656313
Edge	32	0	37	0	0	0	135	-1
	Sequence	+edge_17_0_+disjointig_3_500232_1252961 752729 3 1679237 500232 1252961
Edge	33	49	41	0	0	0	135	-1
	Sequence	-edge_17_0_+disjointig_3_500232_1252961 752729 -3 1679237 426275 1179004
Edge	36	19	12	0	0	0	103	-1
	Sequence	+edge_19_0_+disjointig_2_1982454_2975330 992876 2 3333392 1982454 2975330
Edge	37	43	55	0	0	0	103	-1
	Sequence	-edge_19_0_+disjointig_2_1982454_2975330 992876 -2 3333392 358061 1350937
Edge	38	18	35	0	0	0	109	-1
	Sequence	+edge_20_0_-disjointig_2_1355889_1626703 270814 -2 3333392 1355889 1626703
Edge	39	36	21	0	0	0	109	-1
	Sequence	-edge_20_0_-disjointig_2_1355889_1626703 270814 2 3333392 1706688 1977502
Edge	40	29	38	0	0	0	167	-1
	Sequence	+edge_21_0_+disjointig_2_1619447_1700420 80973 2 3333392 1619447 1700420
Edge	41	47	24	0	0	0	167	-1
	Sequence	-edge_21_0_+disjointig_2_1619447_1700420 80973 -2 3333392 1632971 1713944
Edge	42	23	35	0	0	0	151	-1
	Sequence	+edge_22_0_-disjointig_3_1232341_1672525 440184 -3 1679237 1232341 1672525
Edge	43	36	57	0	0	0	151	-1
	Sequence	-edge_22_0_-disjointig_3_1232341_1672525 440184 3 1679237 6711 446895
Edge	46	47	2	0	0	0	112	-1
	Sequence	+edge_24_0_-disjointig_3_3385_423129 419744 -3 1679237 3385 423129
Edge	47	3	38	0	0	0	112	-1
	Sequence	-edge_24_0_-disjointig_3_3385_423129 419744 3 1679237 1256107 1675851
Edge	52	53	53	0	0	0	188	-1
	Sequence	+edge_27_0_+disjointig_1_29360_138416 109056 1 138426 29360 138416
Edge	53	44	44	0	0	0	188	-1
	Sequence	-edge_27_0_+disjointig_1_29360_138416 109056 -1 138426 9 109065
Edge	54	11	46	0	0	0	108	-1
	Sequence	+edge_28_0_+disjointig_2_2978477_3333382 354905 2 3333392 2978477 3333382
Edge	55	48	32	0	0	0	108	-1
	Sequence	-edge_28_0_+disjointig_2_2978477_3333382 354905 -2 3333392 9 354914
Edge	56	46	27	0	0	0	113	-1
	Sequence	+edge_29_0_+disjointig_2_18957_446300 427343 2 3333392 18957 446300
Edge	57	52	48	0	0	0	113	-1
	Sequence	-edge_29_0_+disjointig_2_18957_446300 427343 -2 3333392 2887091 3314434
Edge	58	38	36	1	0	0	77	-1
	Sequence	+edge_30_0_+disjointig_2_1700420_1706688 6268 2 3333392 1700420 1706688
	Sequence	+edge_30_1_+disjointig_3_442_6711 6269 3 1679237 442 6711
Edge	59	35	47	1	0	0	77	-1
	Sequence	-edge_30_0_+disjointig_2_1700420_1706688 6268 -2 3333392 1626703 1632971
	Sequence	-edge_30_1_+disjointig_3_442_6711 6269 -3 1679237 1672525 1678794
Edge	60	30	29	0	0	0	161	-1
	Sequence	+edge_31_0_-SRR32410565.164137_1881_7122 5241 * 0 0 0
Edge	61	24	33	0	0	0	161	-1
	Sequence	-edge_31_0_-SRR32410565.164137_1881_7122 5241 * 0 0 0
Edge	62	42	23	0	0	0	143	-1
	Sequence	+edge_32_0_-SRR32410565.86056_1450_6524 5074 * 0 0 0
Edge	63	57	22	0	0	0	143	-1
	Sequence	-edge_32_0_-SRR32410565.86056_1450_6524 5074 * 0 0 0
Edge	64	40	28	0	0	0	151	-1
	Sequence	+edge_33_0_+SRR32410565.139820_972_6411 5439 * 0 0 0
Edge	65	34	39	0	0	0	151	-1
	Sequence	-edge_33_0_+SRR32410565.139820_972_6411 5439 * 0 0 0
Edge	66	21	19	0	0	0	106	-1
	Sequence	+edge_34_0_+SRR32410565.44114_656_5608 4952 * 0 0 0
Edge	67	55	18	0	0	0	106	-1
	Sequence	-edge_34_0_+SRR32410565.44114_656_5608 4952 * 0 0 0
Edge	68	17	16	0	0	0	147	-1
	Sequence	+edge_35_0_+SRR32410565.20265_1175_6126 4951 * 0 0 0
Edge	69	15	14	0	0	0	147	-1
	Sequence	-edge_35_0_+SRR32410565.20265_1175_6126 4951 * 0 0 0
Edge	70	32	43	0	0	0	105	-1
	Sequence	+edge_36_0_-SRR32410565.158622_1977_5121 3144 * 0 0 0
Edge	71	12	11	0	0	0	105	-1
	Sequence	-edge_36_0_-SRR32410565.158622_1977_5121 3144 * 0 0 0
Edge	72	26	20	0	0	0	153	-1
	Sequence	+edge_37_0_+SRR32410565.111392_1682_7029 5347 * 0 0 0
Edge	73	25	10	0	0	0	153	-1
	Sequence	-edge_37_0_+SRR32410565.111392_1682_7029 5347 * 0 0 0
Edge	74	50	9	0	0	0	138	-1
	Sequence	+edge_38_0_+SRR32410565.123620_2789_5924 3135 * 0 0 0
Edge	75	8	7	0	0	0	138	-1
	Sequence	-edge_38_0_+SRR32410565.123620_2789_5924 3135 * 0 0 0
Edge	76	6	5	0	0	0	149	-1
	Sequence	+edge_39_0_+SRR32410565.12321_1341_6617 5276 * 0 0 0
Edge	77	31	4	0	0	0	149	-1
	Sequence	-edge_39_0_+SRR32410565.12321_1341_6617 5276 * 0 0 0
Edge	78	37	3	0	0	0	123	-1
	Sequence	+edge_40_0_+SRR32410565.5375_1652_4798 3146 * 0 0 0
Edge	79	2	49	0	0	0	123	-1
	Sequence	-edge_40_0_+SRR32410565.5375_1652_4798 3146 * 0 0 0
Edge	80	41	13	0	0	0	135	-1
	Sequence	+edge_41_0_-SRR32410565.115285_1408_4543 3135 * 0 0 0
Edge	81	1	0	0	0	0	135	-1
	Sequence	-edge_41_0_-SRR32410565.115285_1408_4543 3135 * 0 0 0
